331.0,1813.0,808.0,1793.0,179.0,202.5,509.0117,1776.0,179.0,484.20447,0.90845114,164.35715,-0.28023002,0.0,-0.28023002,164,369
320.0,1811.0,789.0,1782.0,179.0,163.5,498.36945,1758.2572,163.5,479.8237,0.94639784,161.13333,-0.43963844,-0.2977354,-0.7643314,155,352
324.0,1812.0,766.0,1800.0,171.5,171.5,468.46313,1768.0413,163.5,455.71826,0.84236276,158.93549,-0.5670415,-0.7853982,-0.5049913,149,392
344.0,1790.0,812.0,1799.0,163.5,194.5,523.653,1762.0748,163.5,474.04486,0.8910618,160.83333,-0.32718852,0.0,-0.7676916,214,318
517.0,1496.0,566.0,1845.0,171.5,171.5,556.99133,1659.8958,171.5,360.35333,0.67608505,166.36,1.2912227,-1.3651869,1.2912227,174,359
336.0,1748.0,783.0,1748.0,179.0,194.5,526.06134,1705.8528,171.5,457.42865,0.8227134,166.84848,-0.51453274,0.0,-0.34875125,174,382
545.0,1515.0,570.0,1830.0,171.5,202.5,584.3421,1637.2496,171.5,329.1821,0.5985129,166.72,0.9827922,0.0,1.0392076,144,406
348.0,1779.0,777.0,1756.0,163.5,186.5,534.79663,1726.33,155.5,442.05127,0.7936289,165.83871,-0.5022552,0.0,-0.7649611,175,382
558.0,1513.0,582.0,1855.0,163.5,210.0,595.23566,1668.5352,171.5,350.2244,0.71767294,168.58696,1.0823138,NaN,1.183372,148,340
339.0,1782.0,792.0,1755.0,155.5,186.5,527.8099,1737.4191,163.5,461.22134,0.8801934,166.77586,-0.45614365,0.0,-0.39659435,168,356
331.0,1802.0,781.0,1783.0,171.5,179.0,516.40186,1755.5089,163.5,459.4047,0.7773345,159.26666,-0.4452696,0.0,-0.76687795,159,432
557.0,1538.0,572.0,1860.0944,179.0,163.5,589.0,1665.1206,171.5,329.30054,0.7467132,162.3421,1.100522,NaN,-0.7532021,136,305
569.0,1490.0,606.0,1815.0,179.0,163.5,588.0444,1538.1776,179.0,329.43607,0.6964822,162.11905,1.3181589,NaN,-0.7749516,92,381
552.0,1528.0,589.0,1828.0,179.0,179.0,584.7512,1615.883,171.5,307.51193,0.6301474,165.5,0.9684919,NaN,-0.76839036,134,354
326.0,1827.0,733.0,1804.0,171.5,186.5,508.26056,1769.1826,163.5,422.34274,0.7923879,162.7,-0.48475575,NaN,-0.43697488,155,378
328.0,1827.0,769.0,1807.0,171.5,171.5,502.47565,1763.4597,163.5,462.15408,0.81652665,155.63792,-0.4747069,0.0,-0.7638627,148,418
340.0,1816.0,809.0,1801.0,171.5,155.5,535.5442,1763.0326,163.5,483.30615,0.7845879,159.10294,-0.5899579,-0.3216875,-0.7692214,189,427
566.0,1534.0,612.02423,1857.9757,163.5,202.5,601.8729,1651.5469,171.5,334.99503,0.6296899,165.5625,1.1511089,NaN,1.1511089,135,397
553.0,1533.0,607.0,1851.0,179.0,179.0,593.74426,1653.977,171.5,331.00507,0.6233617,167.64,1.0615237,-1.5707964,1.1132915,145,386
566.0,1501.0,609.12976,1850.7405,171.0,202.5,598.57635,1618.3988,171.5,362.5356,0.70395267,167.92592,0.9529242,NaN,-0.7678536,147,368
345.0,1792.0,782.0,1771.0,171.5,171.5,547.0593,1742.0,163.5,449.06174,0.791996,160.41667,-0.44254994,0.46367073,-0.75552785,190,377
596.0,1495.0,616.0,1853.0,179.0,179.0,623.2883,1661.037,163.5,365.99042,0.710661,161.79546,1.2954051,-1.121241,1.292497,151,364
340.0,1785.0,818.0,1776.0,163.5,155.5,567.9487,1739.7025,171.5,489.5768,0.85292125,156.80357,-0.3544054,0.0,-0.29834148,193,381
341.0,1801.0,809.0,1782.0,171.5,171.5,532.6879,1737.184,163.5,487.71457,0.8021621,159.89394,-0.49945855,0.0,-0.76588416,164,444
349.0,1770.0,811.0,1766.0,155.5,179.0,559.7871,1709.9188,171.5,483.52133,0.7543234,162.66176,-0.40535372,0.41448078,-0.75207657,158,483
565.0,1492.0,611.0,1828.0,179.0,194.5,601.62915,1615.1458,163.5,343.2745,0.6241355,164.54839,1.028597,NaN,1.0970398,142,408
347.0,1761.0,782.0,1738.0,179.0,186.5,547.17236,1704.5468,163.5,447.73035,0.747463,165.71875,-0.41296846,0.0,-0.76296747,210,389
350.0,1764.0,805.0,1758.0,179.0,171.5,565.3317,1704.7194,171.5,473.40918,0.74552625,164.56061,-0.38050687,0.46361154,-0.38348967,161,474
341.0,1777.0,805.0,1773.0,163.5,194.5,570.2303,1731.0,171.5,476.9704,0.86879855,161.61667,-0.5248471,0.0,-0.3851148,177,372
346.0,1799.0,789.0,1786.0,171.5,179.0,565.6693,1752.0,171.5,455.06955,0.91196305,157.32143,-0.3659425,-0.34314966,-0.7538244,162,337
339.0,1763.0,787.0,1748.0,171.5,171.5,556.9788,1712.7709,155.5,460.4721,0.87708974,161.41379,-0.31507158,0.0,-0.7589433,162,363
322.0,1760.0,790.0,1763.0,179.0,202.5,543.6829,1711.8456,155.5,482.79434,0.85299355,162.51562,-0.43824622,0.0,-0.36777636,182,384
337.0,1788.0,772.0,1755.0,163.5,171.5,541.871,1740.2505,163.5,442.68878,0.8889333,160.51724,-0.3805064,0.0,-0.7666744,172,326
555.0,1493.0,576.0,1829.3217,171.0,179.0,585.905,1569.1284,179.0,344.31833,0.6791288,158.21428,0.97201747,NaN,0.97201747,110,397
551.0,1518.0,574.0,1842.0,163.5,171.5,578.72723,1621.5148,155.5,329.10413,0.69285077,153.84091,1.0201962,NaN,1.0606891,129,346
378.0,1736.0,738.0,1722.0,163.5,171.5,523.4981,1703.4753,163.5,366.61008,0.93762165,154.0,-0.31221047,0.0,-0.76480967,116,275
583.0,1496.0,635.0,1816.0,163.5,202.5,628.91907,1629.2079,155.5,328.4835,0.7586224,156.08333,1.2911763,NaN,-0.75960785,134,299
398.0,1758.0,779.0,1755.0,163.5,186.5,534.3724,1734.0,163.5,385.85483,0.8769428,158.27083,-0.2914986,0.0,-0.2914986,110,330
354.0,1735.0,754.0,1707.0,179.0,155.5,535.0,1686.0,163.5,411.7468,0.85424644,155.87038,-0.4273414,-0.089118786,-0.76150167,147,335
573.0,1491.0,604.0,1818.0,163.5,186.5,610.7883,1596.4126,163.5,335.8289,0.7084998,160.34091,1.0386494,NaN,1.0386494,114,360
356.0,1754.0,751.0,1715.0,179.0,171.5,540.2435,1700.8538,163.5,405.6926,0.786226,156.5,-0.43871266,-1.5707964,-0.37421694,191,325
573.0,1484.0,581.0,1814.0,163.5,202.5,604.184,1612.5759,163.5,340.40988,0.7304933,164.77083,1.1559558,NaN,-0.76059246,159,307
363.0,1740.0,757.1098,1691.0,171.5,186.5,550.5058,1684.2988,163.5,405.8484,0.9223827,166.5577,-0.38589564,NaN,-0.762604,160,280
548.0,1505.0,604.32996,1789.8351,171.0,202.5,586.1786,1605.7144,171.5,298.82928,0.70312774,166.40909,1.0099672,NaN,1.0751266,131,294
363.0,1733.0,753.0,1698.0,171.5,171.5,501.32486,1688.2577,171.5,399.94598,0.9236628,165.0577,-0.3950688,0.16261382,-0.3805064,132,301
384.0,1731.0,756.0,1688.0,155.5,171.5,572.96075,1676.7385,171.5,381.7425,0.86562926,161.48077,-0.4168736,0.0,-0.38192284,132,309
552.0,1507.0,597.0,1788.0,179.0,202.5,588.01587,1618.6351,171.5,298.48746,0.66478276,165.36363,1.0814188,-1.2939572,1.1371152,145,304
374.0,1719.0,756.0,1680.0,148.0,171.5,592.8171,1660.6436,163.5,395.05685,0.8625696,164.08928,-0.41510692,-0.11316194,-0.7611375,172,286
576.0,1490.0,600.0,1778.0,163.5,186.5,600.8832,1594.7148,171.5,299.32202,0.6787347,164.1875,1.1042372,-0.7853982,1.203124,124,317
589.0,1512.0,605.0,1805.0526,163.5,194.5,616.2306,1635.9197,171.5,296.6835,0.66076505,160.6842,1.3933785,NaN,-0.7704273,126,323
