512.52545,1178.3519,947.12305,732.58405,0.44,0.44,635.51086,1.8314434,0.42578948,-0.9544223,200,147,3.1369932
411.61887,1444.2134,765.2914,1083.4014,0.68,0.68,515.02997,1.2291884,0.6390477,-0.7836169,159,260,3.6131928
398.6309,1447.2118,777.2803,1048.4196,0.65,0.65,552.9527,1.5935236,0.6116667,-0.93345207,140,207,3.8360667
366.6605,1500.1842,762.7792,1006.19885,0.58,0.58,637.03754,1.948127,0.5477778,-1.0189325,120,207,5.2994933
483.55228,1158.3623,926.14246,737.2856,0.45999998,0.53999996,613.615,1.3339456,0.6095834,-0.77556825,203,257,2.2668176
505.53192,1229.3253,963.1082,750.5747,0.78999996,0.82,668.0782,1.5218182,0.8295653,-0.8674866,207,232,3.0344522
346.67902,1500.1842,733.82056,1104.3904,0.75,0.75,558.25336,1.4425151,0.7125,-0.7896088,147,240,4.4690423
336.68826,1512.178,718.3349,1105.3899,0.57,0.65,563.0932,1.0787226,0.656923,-0.9594628,204,318,1.8350545
317.70584,1498.1853,728.3256,1109.3878,0.69,0.72999996,569.1523,1.0127264,0.7113332,-0.77455753,218,344,1.6877288
566.47546,1137.3732,907.16003,790.55383,0.64,0.7,490.28156,1.335917,0.6738096,-0.7795834,171,196,2.1188672
508.52914,1154.3644,902.1647,798.5497,0.62,0.62,531.80383,1.0636077,0.6563999,-0.7652397,229,271,1.7290517
297.72433,1504.1821,695.3561,1105.3899,0.51,0.59,569.6371,1.160157,0.5888889,-0.8312125,236,255,1.5652907
546.494,1128.3779,912.1554,802.5476,0.94,0.94,495.08386,1.0314248,0.89230764,-0.7718623,231,249,2.0128553
546.494,1152.3654,939.13043,769.5648,0.79999995,0.79999995,550.58563,1.1714588,0.7512,-0.8398457,222,248,1.9859169
329.69473,1498.1853,689.3617,1116.3842,0.44,0.61,526.6762,1.0972421,0.6026921,-0.7842963,219,261,2.006451
349.67624,1490.1895,754.6613,1068.0493,0.39,0.63,588.9831,1.0480126,0.6387096,-0.9113353,305,257,1.821642
280.74005,1546.1603,721.3321,1147.9315,0.59999996,0.71999997,597.66425,0.99115133,0.70193547,-0.87528527,249,354,1.2480088
553.4875,1130.3768,948.12213,782.55804,0.69,0.69,528.6546,1.0146922,0.6860714,-0.7736683,205,316,1.5482366
340.68454,1516.1759,699.3525,1184.3488,0.47,0.59999996,496.05615,0.9521231,0.5846429,-0.85364676,219,302,1.5111963
540.4995,1172.355,936.13324,816.54034,0.84,0.84,535.7972,1.0264313,0.7950001,-0.82804966,260,262,1.7592663
392.63644,1508.18,724.32935,1155.3639,0.74,0.74,488.35385,0.99461067,0.69479996,-0.7789478,145,346,2.3515737
571.4709,1154.3644,933.8927,781.80096,0.66999996,0.66999996,526.5474,1.1994246,0.6466668,-0.93209875,199,240,1.9883744
483.55228,1234.3228,959.48944,799.1531,0.71999997,0.71999997,653.68243,1.4890261,0.69000006,-0.7776127,250,189,2.4348295
509.52823,1245.317,991.08234,777.5606,0.45999998,0.64,678.09174,1.477324,0.58499986,-0.9059687,293,166,2.0526693
557.4838,1171.3555,987.08606,744.5778,0.48,0.53,615.4358,1.2284148,0.5646428,-0.8047362,286,215,1.5709336
717.3358,1339.2681,819.24146,435.73795,0.62,0.62,939.4398,2.715144,0.576,1.4029232,110,236,8.166814
247.77058,1303.2867,927.6411,1271.3035,0.79999995,0.79999995,681.15137,2.2259848,0.74285716,0.014811907,135,171,6.7777195
174.83812,1328.2738,984.0888,1220.33,0.78999996,0.78999996,825.72815,2.6130638,0.7364705,-0.39174327,95,221,4.689817
725.3284,1315.2805,918.14984,523.6929,0.71,0.71,830.4331,2.2566116,0.6745,-1.4904255,165,203,4.326189
164.84737,1316.28,870.1943,1283.2972,0.72999996,0.72999996,707.4394,2.1634233,0.6626666,-0.58973753,209,118,5.4714036
170.84181,1402.2352,875.29846,1314.2811,0.71,0.71,719.88983,2.344918,0.6453333,-0.40526187,97,210,2.864253
255.76318,1372.2509,944.1258,1287.2952,0.78999996,0.78999996,695.0938,2.0031521,0.7346667,-0.69986135,117,230,5.075565
191.82239,1368.2529,872.19244,1356.2592,0.65,0.65,687.3884,1.9809464,0.6157894,-0.7099648,144,203,3.6670547
208.80666,1397.2379,931.1378,1387.243,0.74,0.74,727.70935,2.0327077,0.6917646,-0.717111,151,207,4.249975
166.84552,1355.2598,885.1804,1330.2727,0.71999997,0.71999997,722.5737,1.9688658,0.66705877,-0.6624199,196,171,5.2596083
769.2877,1354.2603,888.1776,557.6752,0.66999996,0.66999996,830.92505,2.1982145,0.6365,-1.5679436,168,210,4.510432
745.3099,1344.2655,831.72986,617.14417,0.59999996,0.59999996,735.12506,2.2549849,0.56,-0.7815354,90,236,14.526207
828.2331,1315.2805,763.2933,632.6361,0.63,0.63,687.69934,2.1030562,0.59062505,-0.8124882,84,243,6.783173
778.27936,1285.2961,782.2757,610.6476,0.71,0.71,679.44714,1.958061,0.66166663,-0.8084938,81,266,6.38008
876.1887,1250.3143,817.2433,608.6486,0.68,0.68,657.64307,1.8421375,0.63176465,-0.85967594,86,271,7.7211113
766.29047,1244.3175,809.2507,610.6476,0.7,0.7,643.8122,1.7032069,0.6569999,-0.8058674,77,301,4.565701
198.81592,1379.2472,872.19244,1339.2681,0.71,0.71,686.11566,1.8644447,0.66166663,-0.19994915,173,195,7.0147595
806.2535,1252.3134,866.198,567.6699,0.65,0.65,700.43976,1.6716939,0.6157894,1.4560297,142,277,3.3108158
818.2424,1278.2998,829.2322,577.66473,0.66999996,0.66999996,711.0114,1.545677,0.6356522,1.4215199,181,279,3.0194337
880.185,1328.2738,820.24054,615.64496,0.65999997,0.65999997,726.0697,1.4492409,0.6299999,1.3274313,157,344,1.6040686
859.20447,1358.2582,841.22107,635.6345,0.76,0.76,731.72015,1.5568514,0.7260001,1.4515933,157,313,3.0043766
879.1859,1340.2676,838.2239,600.6528,0.72999996,0.72999996,757.80286,1.578756,0.69599986,1.3703601,228,252,3.7733185
831.23035,1346.2644,871.19336,602.65173,0.71999997,0.71999997,751.0954,1.707035,0.6834783,1.5018456,174,266,3.0455682
923.14526,1284.2966,874.69006,603.6512,0.81,0.81,690.1321,1.350552,0.7762501,1.3402141,142,369,2.4251986
181.83163,1330.2727,928.1406,1218.331,0.76,0.76,758.0574,2.0599384,0.71062505,-0.17121233,169,199,3.9942737